0,494
0,493
54,3
54,2
54,1
54,0
28,38
28,37
28,36
28,35
53,3
53,2
53,1
53,0
52,4
52,3
52,2
52,1
52,0
51,3
51,2
51,1
51,0
50,3
50,2
50,1
50,0
32,5
49,5
0,492
0,491
0,490
49,4
49,3
49,2
49,1
49,0
0,489
0,488
0,487
0,486
0,485
48,4
48,3
48,2
48,1
48,0
0,484
47,4
47,3
47,2
47,1
47,0
0,483
0,482
0,481
46,5
46,4
46,3
46,2
46,1
46,0
45,4
45,3
45,2
45,1
45,0
44,3
44,2
44,1
44,0
0,480
43,5
43,4
43,3
43,2
43,1
43,0
0,479
0,478
0,477
0,476
42,4
42,3
42,2
42,1
42,0
0,475
36,4
0,474
0,473
0,472
0,471
0,470
0,469
0,468
0,467
0,466
0,465
0,464
0,463
0,462
0,461
0,460
0,459
0,458
0,457
41,5
41,4
41,3
41,2
0,456
41,1
41,0
0,455
0,454
0,453
0,452
0,451
0,450
0,449
0,448
0,447
0,446
0,445
0,444
0,443
0,442
0,441
0,440
0,439
40,4
40,3
40,2
0,438
40,1
40,0
0,437
0,436
0,435
35,4
0,434
0,433
0,432
0,431
